134 39
2.052009 0.348158 8.520641 7.906686 4.567619 -4.336796 3.357879 -1.474236 -0.417477 0.301157 4.458000 4.425203 2.115497 1.846733 5.226901 2.755585 -6.853951 -8.865891 7.595963 -8.443662 2.589810 1.676177 7.765227 -9.349492 -12.318584 -1.980340 0.509056 -1.096579 -7.407981 3.231643 2.011318 -6.647027 1.340165 5.410952 -5.022878 2.844340 9.280161 -0.141104 3.777123 
9.036425 10.755157 -1.240511 7.347841 1.573992 -14.097678 -0.580033 6.459743 -9.519188 -1.937891 0.895692 4.201419 6.320989 1.794989 -4.289993 -0.691611 1.081697 -1.806427 -4.167717 0.922661 -2.361701 -4.289897 -2.699271 0.472649 -4.746453 -2.087014 -0.233093 -6.325485 1.974381 -5.855638 4.648766 2.239743 1.146747 -4.042980 -6.454317 -4.629618 -9.895002 -1.028615 8.710661 
-1.221571 -9.232165 -4.439285 2.300771 -10.525902 -3.374287 -1.135179 1.453379 7.626108 6.514328 -7.715508 -2.898185 -2.561383 0.460286 -11.598702 8.147305 -4.111947 -6.644631 5.844251 1.663850 -3.984218 -0.055053 5.045951 3.210326 5.474482 11.575749 0.992732 -1.258806 0.182935 9.104515 2.774586 -5.231385 0.398883 -10.069664 2.334605 -2.575250 5.556856 -8.502501 5.378054 
8.683588 -5.980687 8.230664 5.724043 -5.466830 3.016139 2.714437 5.626130 -11.036516 -4.858764 7.038535 -2.494745 -2.109525 11.938828 3.706598 -5.441568 1.390014 -16.466906 -2.186952 -3.398970 -5.013952 4.426783 2.332919 5.484540 4.684382 -7.532538 -2.592827 -7.703087 -2.987503 3.264449 -10.851835 -7.626841 2.296207 -3.266691 -8.854438 -2.871413 1.959254 12.957464 1.145641 
4.024276 -1.280765 -1.034466 0.526617 9.101011 2.048088 -3.917412 -2.970565 1.012575 -2.302286 -2.464135 -0.738595 -0.732428 1.399374 -1.316281 -5.716049 0.186839 -3.609185 1.464395 10.172232 3.961184 9.301091 4.975704 6.114654 -0.609874 -11.623089 8.541629 -8.272797 2.041680 0.835380 0.224555 -1.415413 11.724483 6.731362 5.418276 -1.579598 -2.575804 4.313363 -2.529169 
-3.180032 -3.800327 -14.895838 1.237926 -5.031288 0.310481 2.634302 -6.754783 0.258769 3.093719 3.617149 3.893794 -1.942542 2.421902 -4.659264 1.742024 -7.012433 -1.697919 8.941370 3.169785 1.266617 5.324247 -2.228177 11.429271 11.545862 4.544851 -5.463999 4.774255 -6.719304 11.697412 5.980005 -1.743503 3.754091 -0.959826 -0.972321 -0.225981 -0.884602 0.039119 5.679540 
3.573715 -5.144947 -3.981697 12.054872 -4.855063 -16.496401 -1.197084 11.276820 -5.891251 2.059917 5.232541 -12.125294 0.653647 -7.284626 2.412526 -3.610044 -4.266156 -12.585338 -10.585558 0.626205 2.439813 -0.346706 3.934308 -6.926731 -0.931594 2.674793 4.141497 -9.819962 4.266211 2.354040 5.775895 -0.572108 10.266108 -0.270486 -6.634663 2.631572 -9.571504 -5.610889 6.010640 
-6.989543 0.381422 8.428710 5.969907 -2.115795 -1.665328 -1.039838 -3.697089 -2.388938 -5.541296 1.456690 11.562654 4.819374 2.980923 1.061377 5.614179 0.938661 0.213765 -2.252947 4.828648 -6.388232 -8.320986 -2.101517 -8.373610 -10.259783 -9.829131 2.373925 2.057848 -3.081290 -6.452565 -7.571260 -2.059724 -0.702122 6.054299 -0.178152 10.032902 -7.493875 -0.779134 -6.595531 
8.517327 2.984179 -4.454697 9.337270 11.314729 -3.764065 -0.011430 -1.579845 -3.979815 -8.140226 -0.312961 2.688920 7.163214 4.421061 3.108752 5.866085 -5.458267 -0.895453 -1.360177 5.246457 -7.429547 3.569610 -4.113443 -12.208428 4.896213 3.860645 -10.662575 7.987285 1.646524 5.501180 0.426879 -0.322809 -7.387565 -9.073794 1.277639 0.905891 5.684237 6.419540 3.579664 
-4.584654 1.006740 1.781426 3.706585 1.810815 5.426275 7.416574 -11.838089 0.570852 9.303110 -3.560379 -4.521311 4.310009 -7.358117 4.894550 -9.044567 6.532833 0.722404 3.615826 -3.739579 -7.812806 3.950436 2.620512 3.548644 0.318697 0.377204 -4.004221 -4.300441 1.864656 -5.376309 -0.243900 0.538457 -6.280503 -2.301481 2.356244 -11.286435 -2.533269 1.107651 -7.305829 
7.228570 5.152558 -4.535975 -1.952544 1.768663 5.077184 -5.575891 10.394257 -5.225541 5.352556 -4.628521 -2.413716 12.441303 -4.749111 3.026273 -1.397357 -5.758416 -0.266193 -8.756775 4.033316 8.757799 -2.644389 7.074661 4.132471 -5.479013 -14.732006 -0.361407 -1.211916 -0.453990 1.971426 12.245583 -4.281387 -1.687266 -2.710576 -1.537762 -6.183071 5.991601 0.172798 -3.806545 
-2.252228 5.942266 3.777562 -0.986435 -2.404643 3.421379 8.394551 -8.895385 -5.299927 2.092353 6.934590 -4.067073 -5.145951 1.993969 -1.642661 0.236633 1.722317 4.564097 -3.771270 -1.604587 3.574394 5.719447 -3.095021 0.928204 4.244934 6.193508 -0.584179 2.083186 -0.686953 -7.639855 -0.222311 -4.952682 4.932956 5.581439 3.767647 -7.059178 -1.564446 1.259271 -5.687963 
-2.158557 -6.140520 -5.586691 -1.632257 10.396791 -8.203655 3.399463 3.515131 8.273459 2.455732 1.733883 0.701429 -8.654327 -2.570703 -2.278701 2.305961 -0.165219 0.218048 3.057400 7.578493 -2.633657 -5.434096 4.336166 -10.232773 -1.875615 1.826020 -3.111682 11.292990 3.384823 2.164507 5.601999 9.113342 -3.233575 5.446620 -5.328998 4.639370 12.307636 -1.392502 13.200463 
-7.864399 8.216569 3.340163 -3.075003 7.760846 13.553999 4.805885 -1.809705 4.613084 -4.061514 6.953969 -9.680968 -2.898928 5.946518 5.059143 1.716744 10.304888 7.821311 -9.341963 -16.820160 3.683959 6.417666 0.723237 1.435978 -3.413353 1.502361 4.602715 3.506202 -6.402068 -8.077082 -5.360568 -2.091992 -2.503989 5.448644 3.012886 8.885071 -7.896874 -2.904080 -2.628538 
3.271140 1.453275 -4.644232 -0.508823 -6.513821 6.037013 2.582363 -1.884412 -4.154837 -2.787746 5.460032 8.680308 -4.249323 8.047835 1.690062 -4.046241 -0.547981 -0.209841 -0.589980 3.811148 -0.655971 -1.161535 -2.894584 3.326058 -10.372808 -1.692968 3.463287 14.276965 1.137398 -0.021144 -0.569953 -5.843374 6.054825 2.164916 -1.623524 -11.885274 -1.066594 4.653850 -6.700621 
-6.485677 1.184255 -6.350601 6.969801 -3.166945 -6.115194 -3.266568 -0.465114 -2.244713 -3.916876 -3.848201 7.978949 3.968082 6.292858 8.532104 0.695624 -10.557130 -1.568604 -12.005144 -3.393515 2.771981 6.772059 -0.429366 1.471607 7.320290 3.382821 -2.387128 0.760088 3.006401 6.538761 4.690490 12.755697 2.718588 -2.502103 0.080092 -7.370033 2.907777 2.553750 11.180063 
0.808560 3.086483 1.499161 1.445011 3.599733 -2.466131 10.061257 8.983632 7.288966 6.909018 -5.512409 1.828098 1.310926 1.596897 -1.023376 12.643258 -0.424789 5.362694 0.282488 0.698969 -4.003033 9.016479 3.783771 0.143876 2.287607 5.056103 6.952183 4.562038 7.141530 -5.729885 1.939786 5.433436 -13.466667 11.432045 -3.941053 10.237970 -13.415065 5.109747 -2.553269 
-11.183615 8.179351 2.589809 3.290520 -9.537105 6.561493 5.524364 -4.097562 -5.821856 -6.190174 2.003348 1.416874 -3.546746 0.405970 9.505145 -3.292285 -3.131902 -3.889153 14.450518 -1.195596 -7.246073 -4.924596 -0.288472 -6.828044 -1.388746 -0.271782 -5.110173 4.917459 -5.676970 -0.470359 -3.417552 3.073469 -6.324035 -8.247879 -0.875708 2.105250 -7.030911 -10.651131 -4.892198 
-1.482556 -7.657353 7.257359 -11.058167 -1.831869 -0.721651 15.314846 -2.339469 -3.283333 1.239956 -6.240835 -12.917078 0.519938 -7.625100 0.983301 3.031408 1.521200 -5.079221 -7.279874 2.079584 -3.761377 6.541445 5.035861 -8.458415 2.643431 0.194880 -3.017043 -1.457051 -4.920079 3.270272 5.292230 -0.209852 4.543662 -6.052481 8.505585 -4.222156 -10.747277 2.688607 -2.799218 
1.284770 2.092963 -5.613458 6.922563 5.659010 -2.228970 -6.964310 -7.626682 8.333945 -8.280033 5.126127 -2.867163 8.789957 4.509667 5.194329 -0.739086 -1.482575 -8.184953 -2.015482 3.882484 11.724540 6.743852 -5.520483 -0.967318 -3.718725 -8.479641 6.044229 1.180850 -5.335993 -4.379990 8.052721 5.356694 4.003834 4.038946 -3.670784 -4.047119 7.745408 5.615977 4.184861 
-0.514414 -0.050095 7.117261 1.557258 3.776157 2.064751 8.773271 1.308127 3.536712 -6.118616 4.286112 0.864895 -2.582049 -3.588500 -7.991010 0.535277 -1.656256 -3.513081 -0.560233 -8.425231 1.453980 10.896811 2.941682 -1.690258 -14.138748 -0.292328 -4.032522 -4.678049 7.014917 5.007964 -11.842206 -6.410168 -3.579452 1.915350 -7.993306 -11.535160 3.387356 -1.260405 5.256813 
1.585992 -10.960079 3.470900 5.150947 4.823339 12.549485 0.774032 0.856440 7.224279 3.875670 1.581059 10.422198 5.861000 -0.643163 -2.245056 8.681481 -8.802547 0.278681 -2.659470 2.929601 -2.449084 -6.556768 -4.763999 -3.209219 -3.888987 -5.488946 0.516648 7.768154 7.739174 -4.944944 0.991858 19.198397 5.362609 -3.465936 1.938845 5.833865 1.803267 9.343687 -8.212750 
-2.488333 4.110929 -1.319201 -7.334810 6.304996 4.584936 -2.598320 4.844781 0.337155 5.728584 0.057174 5.494229 1.688394 5.270226 5.263310 -2.602511 -1.364615 -0.776685 -3.750278 -8.690356 6.176529 -3.757002 -2.522117 -0.396657 -8.279458 -0.282324 4.573773 -5.042040 -9.063637 8.069383 -0.928215 10.712576 -5.969166 6.692170 11.768160 -5.557062 3.349534 2.777430 2.874750 
1.323543 4.356533 1.437246 -8.097898 -6.485415 -5.701047 2.703759 -5.736055 -4.215927 -6.484200 1.245265 -6.549281 0.257558 1.562872 0.922994 -3.275450 5.776736 6.028243 -3.763276 2.661683 -2.508866 -3.606828 -0.654888 -0.936486 0.307838 4.395616 -8.895422 -6.278044 1.366071 6.717689 9.234538 -3.086950 10.006215 8.025595 2.333922 7.993503 5.745908 -11.339394 -11.924078 
2.759003 -3.862678 2.805266 -10.567034 -3.302536 -0.664388 -0.937505 -6.466506 6.562223 -1.586605 -9.474965 3.200536 -9.396597 -10.891695 -8.398762 2.325143 -3.623510 -3.767893 -3.203022 -9.086448 -6.602358 1.686094 -10.693939 0.223363 -1.419620 2.114768 3.704207 6.936121 -1.324248 2.094428 11.329139 -0.708212 3.690152 -8.330356 2.129259 0.827524 7.505573 -8.379998 -10.007096 
-10.790297 -4.687156 -1.748469 -17.396633 3.630501 -0.274627 -9.204838 -3.915293 -0.088099 11.565995 -6.558746 1.950905 6.653790 -2.763430 -1.959504 7.881229 4.666262 -9.768109 -4.386938 0.645038 -1.450701 6.768657 -3.977845 6.004539 -2.570252 0.376389 -13.394011 2.554032 -4.182574 2.156122 1.079796 -1.275295 -2.071150 5.719408 3.787300 0.064332 2.145340 3.560975 4.480231 
1.353764 1.588479 0.274319 -4.016589 3.429262 -3.074004 -4.072480 -3.582656 5.881888 6.762743 -2.384192 7.617931 -6.512563 6.519371 -3.003785 9.472441 -0.090991 -1.913933 -3.577979 -9.994234 3.881836 4.804615 -11.756109 -0.784060 -8.401232 -3.461129 8.507813 -13.485874 -0.876378 -0.937419 1.971000 1.547756 3.022940 4.945322 3.459726 5.647397 0.725383 -5.769626 1.345448 
-6.973641 -5.090231 -0.552140 -3.714232 -3.889688 -4.553945 8.281217 1.258723 4.879857 3.224105 5.739580 1.124660 2.278771 1.651034 3.597745 -8.484715 1.955100 5.225922 -2.008838 -9.231135 -5.344579 -5.301033 0.333125 -2.610034 7.954112 1.519854 -0.576249 3.440392 -9.140229 -0.235053 -3.236105 0.080942 -6.655800 9.354447 -4.979840 0.931767 2.510973 9.461007 -1.015553 
-5.386997 4.847985 -10.796122 5.763870 2.791622 -0.106791 2.328788 -3.605750 -1.254617 5.133787 -6.835383 12.834374 12.355718 -3.519123 1.327510 7.707269 -5.663365 1.447116 -5.261686 15.578626 -10.071596 -4.976673 0.315959 -1.396327 1.068196 -4.657658 4.599920 12.925294 -1.853321 -7.585799 0.414257 1.203432 1.703702 6.551425 5.549268 -3.383255 0.334247 -1.576677 -1.218822 
-4.801196 -5.168796 -0.162556 -4.317121 -8.776969 -0.191801 6.679914 11.306604 -5.807449 25.033482 8.029006 1.588248 2.352664 11.135225 2.252836 8.470826 1.048530 -0.580111 -2.333400 -11.686938 4.586053 -1.732111 3.299989 0.121993 -7.373457 3.591147 -0.022565 -7.147954 -2.433924 7.165787 10.434354 -8.141422 11.179014 4.926304 3.697460 2.759385 6.610711 -0.806736 5.801233 
0.430758 -1.152499 -7.641891 11.398146 1.525043 3.640697 -1.799991 1.034400 -7.266862 3.695465 5.615291 8.128498 -8.800450 -0.755459 7.037655 2.269556 3.791220 -1.720430 4.515992 0.115182 1.696559 -1.875134 15.164284 9.781281 3.016170 -0.009561 5.747453 1.713444 -1.837500 -1.777637 -5.107182 1.006715 -2.420412 -2.387169 -3.176901 -6.851511 7.302224 14.893016 -6.097760 
14.026148 3.602477 1.413688 -7.261008 -4.798926 -4.239161 4.849089 1.201426 5.242949 -2.577191 6.363630 0.131040 0.417688 -3.927559 -2.969608 -4.337918 -0.600270 0.328180 -7.631925 3.386611 -1.059923 0.567141 -3.773655 -1.983603 0.888313 0.212168 2.713843 -1.043411 -5.724577 -6.728029 -5.220539 -3.190222 3.819894 5.832343 -7.836515 -19.301411 8.038367 11.099367 2.156724 
-4.336884 -3.107453 0.316586 0.092686 -6.976153 -1.808526 3.992773 -5.685907 6.952707 0.393594 7.733390 -1.944883 0.241026 1.662866 -12.584813 -0.670545 4.585812 -2.812454 8.701798 -4.143354 -0.597366 -11.817441 -5.174733 -0.431661 3.621666 -1.923499 -1.721102 -5.941685 5.730684 -0.687723 -3.568507 -8.123904 4.510607 1.201236 -1.247362 7.236029 -4.912554 -7.413628 2.983709 
3.621227 1.580224 -3.270778 8.479252 -5.271589 5.025663 3.350177 1.227650 -0.731779 5.490599 -7.948877 -3.336649 -1.522588 10.437583 1.329428 0.909292 -8.980659 1.986670 0.906254 5.379501 -0.423676 10.897678 3.489189 3.891269 -0.960581 -0.978711 -2.286448 5.017326 0.542544 7.169339 -5.372348 -1.813746 1.759395 -3.363526 -4.405525 2.423765 0.378915 0.703068 -0.727489 
-4.475757 4.524235 -9.039126 -5.648066 3.307714 10.422268 -15.583066 -3.436328 2.412510 -0.631340 -2.832832 -0.921441 -2.277641 -2.310983 -1.187086 1.816306 -1.311373 -4.054683 -3.599443 -12.718868 0.944345 3.852820 2.409708 4.659375 -1.033016 -4.307287 4.650193 4.404358 4.295127 -2.429882 4.770902 4.205882 5.840046 -10.018674 -2.610521 4.693829 1.239424 -7.315319 -2.757257 
4.284323 -5.939516 4.258417 0.025558 12.252823 7.409980 0.289535 -5.497464 6.802167 -4.761333 6.536837 -3.544545 0.038303 -7.134148 2.587925 -11.902586 -0.486350 -0.238413 4.584687 -10.856735 3.213982 -3.367777 9.423620 3.246795 1.118782 4.387167 -1.089027 0.849182 -0.251336 6.114394 -1.544052 -3.157436 -0.089008 -5.337968 6.749272 -1.799164 0.572277 14.124780 0.679155 
8.082645 -6.199311 -5.649746 2.827617 -11.690098 2.584229 -12.284219 -0.204307 -6.637323 8.418925 0.273585 8.297423 -0.215330 1.286656 -2.365709 -4.547364 -6.801026 4.632051 -0.870094 -1.888130 2.128726 -9.909177 -8.434752 -1.056836 -0.121062 1.796588 -8.051071 4.371403 1.655908 4.807117 7.262441 10.493608 5.418368 -6.271210 -4.888426 -0.478776 7.557471 -4.248352 9.202896 
3.352528 -9.097789 7.059531 -1.081773 7.039147 5.122030 2.790617 9.170987 -1.269877 1.557251 -10.722948 0.030495 -3.823972 0.907234 3.083043 3.270610 -1.950098 4.883695 -3.022893 13.370950 0.917696 4.195683 2.187436 -5.457220 -2.807242 -0.327585 12.081688 12.926451 -6.943861 8.614550 -6.354300 -2.738420 -4.532370 -2.488848 2.166734 3.154194 -4.561096 4.880302 11.922559 
4.633564 -2.674125 -3.648292 6.420692 2.971622 0.761717 -0.880051 5.829477 2.767049 0.968833 4.908509 -6.133230 6.767473 -8.142964 -10.004268 6.300535 1.106728 5.130976 7.731512 8.624036 -3.714100 -2.148844 4.585568 1.710737 5.036533 0.568206 4.015216 -4.328452 -3.143293 -3.193025 0.654615 7.541582 0.115469 7.848069 4.814394 9.440129 -1.120594 -2.001801 3.463634 
-3.318336 -1.442904 -2.587573 -6.325702 3.492171 1.399077 -4.813908 -8.822285 2.117398 0.092021 -4.644845 -0.229460 2.760260 -2.832175 2.453523 -0.319615 -4.259123 1.149610 0.313948 -5.948651 8.095077 -6.817147 -1.656714 -0.825927 3.676159 -4.537455 9.429423 0.311536 -0.470490 1.568316 -3.551876 7.437763 1.627483 -5.234447 1.426986 4.267187 -12.541364 -2.763464 2.824742 
-5.967540 2.633420 2.163535 3.926899 0.680580 1.009935 11.797238 5.519954 -3.808450 3.709442 1.887994 -7.545748 5.965203 7.863054 1.351352 1.979112 11.422354 0.503466 1.103794 5.987288 4.623545 9.345428 -10.459383 0.896562 -3.916243 1.051800 -3.771796 1.722078 -10.323623 1.954558 -3.678728 -4.075874 -1.285034 6.325914 -7.430682 -5.001852 -4.377234 -6.139227 5.144287 
-1.586970 1.158163 7.282176 -10.052844 0.825723 -2.040267 -0.983369 -2.223420 -1.434503 -1.191170 -2.925178 2.660773 -9.976791 8.854333 -3.683014 -4.010772 3.726657 3.612809 7.418767 -5.822100 2.469153 2.227973 2.705811 5.021212 6.835181 -12.230883 4.399806 0.664741 13.678125 14.815289 -2.490785 0.706019 -10.611922 5.908340 -5.761752 14.279056 -4.633911 -5.726876 -3.986066 
3.927868 2.988985 -1.754496 5.289938 7.506608 -3.994579 6.406293 13.863625 -3.397278 2.496783 3.590227 -1.607078 6.591757 3.339935 7.576696 4.604539 7.169179 9.040421 0.037287 12.015913 12.943420 -0.077778 -13.682961 -7.657730 7.332994 1.009118 0.906348 -3.740585 -4.151156 -6.537645 -1.545621 6.558658 -2.299217 0.221029 -1.053137 -16.086250 2.228069 -10.841474 1.067028 
-4.714041 5.379272 5.255902 13.137512 11.357392 -6.695375 -0.814238 -6.138991 7.968013 -3.065771 -2.894932 -0.129440 -5.791851 1.060504 5.195312 0.999542 0.519294 0.361529 4.107008 -0.357161 3.855421 -1.622340 -0.967754 -2.348007 -3.462378 -2.266782 -1.239482 1.083504 7.910214 -3.546533 -3.375571 0.029295 -2.291210 -0.872462 -7.160163 -3.923403 9.462177 -2.802936 -3.577945 
4.236060 2.575815 -6.980927 3.895733 -6.467410 4.631973 -4.402774 1.067416 -5.020921 -0.112302 -0.110527 -0.605940 -5.416889 4.564601 1.116938 10.682693 5.195405 -4.349086 7.283710 -2.715327 0.141698 -0.082277 1.738220 1.900084 5.919331 4.001173 -4.603998 -5.110826 2.962355 12.560482 6.009893 8.541468 -4.110832 -3.772715 -1.265230 1.129162 -7.298584 1.983538 12.726484 
-4.957450 -2.136880 6.348680 -16.371317 3.555129 -5.606221 -12.304326 -7.063264 2.415089 -0.807888 -3.334942 -2.827221 -8.363554 1.482728 0.409925 3.671351 5.454557 -9.210080 -8.886386 -0.342059 -3.763180 -1.160066 4.383038 -6.829478 5.650305 -1.353576 3.008406 -0.525757 1.067016 2.837723 -1.229072 -8.747764 0.587232 -5.840801 3.785449 10.818919 -4.892293 -4.239081 -5.791366 
1.521523 4.620195 -1.856679 -2.151422 11.801391 -2.288593 -4.977014 -5.053878 4.575133 5.136259 -4.864035 7.970849 8.719634 10.315246 4.669513 8.853103 0.470956 -6.366316 -1.150397 7.687972 -4.801699 -2.561633 1.718628 1.247638 9.172983 -0.043687 9.353386 5.303803 3.916980 -2.079167 4.982479 0.422655 2.951970 9.968207 -3.029898 -8.978462 -6.361819 -6.685504 2.646458 
0.920639 -3.861387 -0.595572 -0.629874 -1.378341 6.384466 -0.498986 -1.810583 -2.395832 -10.910163 -0.323257 -3.355083 -0.262442 4.098604 -6.147780 -0.005858 1.991398 4.690831 5.743325 -1.085473 0.859212 5.047915 -7.430398 -1.902875 2.288547 0.041627 -0.258021 -0.519097 -1.817023 -4.965193 -3.271710 -1.738643 -2.494039 5.361071 0.118015 -0.155229 -7.422176 -10.357124 6.510676 
3.757384 -0.974819 -9.581668 -0.363036 2.903691 -4.147787 -9.456788 0.831043 -3.520894 3.299670 8.477116 -3.252838 -2.814541 -3.113687 8.617540 -4.002462 6.806756 2.988737 -2.396911 6.768283 -2.454513 4.161036 4.482338 7.462119 -0.520037 1.541165 -1.915842 0.754493 6.829333 -2.938485 1.761547 -8.703610 -10.006038 -1.808817 -10.825955 1.700436 10.055022 6.375045 -0.177292 
-7.464175 -0.878269 -1.699476 8.345033 12.201736 -4.932202 -2.640389 4.569569 1.068839 0.839590 -8.560962 -0.651784 -4.448599 0.173778 3.366883 1.429894 1.625636 -1.184882 -6.425910 -10.018135 4.968805 1.705873 6.231094 8.349295 -6.288139 -2.656398 -1.359911 3.776360 1.173565 -1.149173 -16.526199 2.624924 2.917904 -8.997433 -3.004152 12.554117 3.818519 9.499186 -8.281676 
3.351714 -4.699707 0.040832 -5.621431 -11.609633 -8.682272 -5.438718 5.850420 4.198251 2.885505 11.082775 -0.696122 -0.156015 2.224951 -6.701442 1.124704 -1.759299 -1.705460 1.092148 -7.014203 8.200732 3.760026 8.611501 1.776924 1.776674 1.887032 -2.678757 -4.333520 -2.225443 2.477749 -12.718900 -6.381605 -1.722616 1.978912 3.447234 -1.833079 3.008148 1.407202 16.358347 
-9.516577 5.740488 5.214970 5.154882 -0.315617 2.275953 -8.692285 15.513474 3.241150 -3.669492 -2.468482 0.338961 1.257438 -9.387522 -3.976891 1.871501 -7.266940 -2.052916 4.469261 0.096886 7.539569 4.700706 -4.020064 1.359374 -7.157256 -1.690667 -5.464049 0.038773 0.503651 3.936415 -6.055446 8.951338 -6.483982 3.867043 -11.743896 -10.310615 12.022119 -4.987554 10.832647 
4.709592 -8.995692 2.765358 8.302923 1.514651 -2.618284 -10.335944 1.680048 -1.456698 -11.105004 -4.521101 -0.882308 2.305110 5.149636 -1.971511 -5.815185 -6.084196 -0.142485 -3.175279 4.206277 -5.605872 1.014104 0.666142 -0.329151 -6.262356 1.445574 2.828048 -1.240641 -7.460696 4.878271 -7.968001 -0.913083 6.900095 8.907309 3.119923 -3.623544 6.306677 8.779361 -5.613771 
11.036007 4.479760 -4.769982 1.675296 3.614168 -4.600327 -0.846646 -8.881804 -3.233643 -4.867962 3.649603 5.551705 7.860970 2.455814 -7.483414 -0.122018 2.037389 -3.651716 6.632228 3.582206 9.684116 2.047075 -0.154919 1.576941 1.376827 4.439746 -2.935962 5.697319 -7.333216 2.974269 -0.754032 -4.641687 1.289657 -1.971738 -4.804832 -10.628936 6.178668 0.881070 -2.456903 
8.187003 -4.031971 2.044576 4.143800 -0.672322 -2.535638 -4.789211 -2.896027 1.071583 -2.075586 1.077286 -0.330813 1.184980 -4.913007 -8.503822 3.263738 -6.987090 2.486582 7.381222 1.230214 -7.822840 4.926576 -10.186317 -1.749558 -1.087497 4.351345 2.156230 -2.897972 -1.910083 -4.504670 -0.219535 -0.504120 1.136497 5.079596 -0.368831 8.073970 2.623864 -5.309151 2.944317 
-0.468084 2.634964 -6.024242 4.881782 6.405162 -1.863911 -8.598703 7.605110 3.253563 5.284861 2.996362 -6.287208 3.612945 13.129268 6.443721 -3.224803 -1.555138 -8.934250 -1.626726 4.532920 -3.098279 -9.466947 8.951612 2.426115 -9.411210 -5.689188 9.634117 -6.068078 6.809966 -1.419496 5.273636 1.572822 1.709215 6.991055 -3.514002 -8.099198 7.293527 -3.052695 -2.079348 
2.542980 -4.966530 -1.583725 4.853289 11.381262 6.702531 8.878098 8.131960 3.605679 4.184535 -3.867586 -15.125730 2.249333 1.732975 -7.900877 11.882689 -3.983500 -8.301153 8.332246 2.335046 0.993632 -0.770255 4.224437 4.658948 -3.612711 0.143085 7.848950 -10.001290 0.746950 6.502780 -4.773508 4.736493 -8.253066 7.728601 0.952805 -4.990104 4.262078 -10.814252 -4.134328 
0.838627 0.585564 -4.432397 6.020099 -5.336682 -5.768408 3.328856 -1.751101 8.508197 7.947209 8.837763 -6.737984 0.722608 4.517178 7.048230 3.536959 4.225976 11.991361 3.725830 -0.572326 7.385050 -2.253394 2.003293 -4.077602 7.360213 -4.422367 10.527283 0.368599 -3.434710 -9.727047 -8.207688 1.905995 -0.474833 4.366370 -3.423163 -10.302569 -6.297388 6.202374 -6.522059 
-6.634863 15.047621 -2.357846 3.087604 9.202077 6.356249 -8.434953 -4.018439 -5.649051 -5.713463 1.380603 2.927869 10.366408 5.049217 -6.250694 -3.468262 -4.295757 -0.833851 2.331324 2.500114 2.571046 5.992095 10.263747 0.304937 -2.992405 -9.104680 1.742342 1.371448 1.339694 -14.725775 -5.577378 6.996926 -3.881573 7.116359 11.280178 -7.838004 7.095272 7.892792 -5.409563 
-12.225542 -12.237237 -2.960418 4.503913 -1.041419 -2.400848 4.789135 -3.671929 11.968293 -1.007899 1.065909 0.032074 3.732636 -5.028215 3.803540 -3.022114 2.802487 -10.629277 -7.566252 -7.116145 2.204431 -4.234696 -1.691682 3.313670 -7.231979 -11.302161 4.135426 2.829809 -6.419841 8.223050 14.704001 6.777136 -4.387747 -5.015238 -1.101271 -10.329915 2.189698 -6.624802 -4.625805 
3.587642 -3.199029 5.767860 5.977957 -11.251783 2.923984 4.030266 -3.093375 5.445308 -10.972340 0.990431 -6.734215 -2.107874 1.884957 3.577140 1.081887 -1.001635 4.578503 -4.684755 -4.925205 -2.699901 -1.658783 3.500148 2.854340 1.677863 -3.967289 1.267538 -7.921958 2.847286 1.386178 -2.863488 -1.208618 1.769734 -6.564627 -3.961575 -7.820148 -6.457133 -7.038683 -9.440247 
-3.853300 -2.181307 6.596559 -9.996233 2.043757 1.790000 -1.041515 2.848933 -11.554485 0.546422 -12.009139 1.279714 0.703458 1.724239 4.033055 -1.511112 6.530074 -1.315228 14.283800 16.573692 0.381853 -4.093566 -4.704799 2.497886 4.941106 -4.652120 1.797338 3.346545 4.549797 14.801761 7.504669 -2.637083 1.538146 0.248327 -6.620120 3.313727 -0.099964 -2.761681 -8.148553 
7.585335 -6.581803 -8.445821 4.114623 -0.325913 -1.303065 1.261980 0.786535 -8.571544 -6.010172 3.307167 10.027516 -5.172190 7.195280 7.153981 -2.732185 3.783307 -3.982561 4.136139 -1.497524 2.700116 2.723018 5.236576 3.880001 -9.057254 7.516974 5.591936 -4.375333 -11.155487 5.107330 3.409068 10.187791 2.491064 2.810199 5.085716 2.085876 6.599751 5.078827 6.586218 
1.252911 4.704948 2.789709 0.635360 3.069440 6.849296 -1.103836 -0.869291 -0.116224 9.450225 -8.222507 -0.411168 -4.204378 -4.648453 -4.770390 -3.665571 -7.015674 3.842449 5.758604 -4.299109 3.615131 -9.500766 -6.134171 -1.882759 -6.262244 4.498723 1.367728 -6.392871 2.450656 -4.622691 -8.880091 9.771735 -3.461897 -15.651462 -1.713769 -7.045878 1.749606 6.588861 -2.954802 
-9.869936 -9.107699 4.774334 0.560014 0.962589 3.265709 1.859483 3.213243 1.401909 0.892534 -8.041293 -2.879702 3.032222 -5.765649 -1.732379 -2.940891 3.718016 -5.650305 2.221259 3.802099 5.846675 5.382680 -0.486697 -7.763289 -0.651279 2.244351 -0.211353 -0.683890 -2.145386 -1.807656 0.435814 4.468803 1.076117 -1.168151 -0.245482 -2.650662 -2.258723 -1.455974 -13.710501 
2.759397 -10.525101 -5.208785 -2.786546 -2.215847 -0.044126 13.134696 1.163712 -2.821735 -5.400744 -0.880261 -2.991283 6.617159 -1.536360 -0.296340 -4.405159 -5.711117 -3.814537 3.565448 -1.668608 -2.989040 -3.089301 -1.178630 -0.474465 -4.973027 -2.137058 0.484626 -5.975347 -9.603874 -1.430940 -7.618658 -9.681116 -6.691447 2.772202 -6.788061 2.070065 7.972562 -5.399605 -4.959352 
4.861181 4.735492 2.740229 3.819786 -9.988360 -6.447406 -5.970497 -4.694623 -14.358403 4.041667 -0.660721 -0.604731 -4.670829 -0.381838 -8.703191 1.140666 6.203941 5.079805 -3.106040 3.005824 3.902584 11.235065 5.383539 -0.220206 4.056283 -11.197052 -8.104797 1.746917 -0.905792 -0.038925 -0.562736 -2.663174 -4.304546 -2.881018 0.507749 -1.733509 -1.760285 10.959454 -11.671585 
-12.439652 -6.174257 -4.726886 1.089903 -0.463393 12.024174 1.122598 -3.832077 5.057286 10.264732 -11.643189 2.409783 8.065720 2.296254 -0.548055 3.750625 1.010980 0.019357 4.172139 -8.006279 -5.959386 7.882308 -3.632599 1.237817 -9.479833 -1.374892 -5.266106 -9.855323 -3.608980 -2.016025 8.868964 -4.684794 4.488978 -0.098621 -3.402029 2.378535 -11.574113 5.834167 7.819438 
9.363212 -7.732732 3.697981 9.387400 3.614878 7.138021 -2.688481 -3.358326 -6.340668 -5.000955 4.926793 -6.373186 3.681825 12.584233 1.687726 2.041814 17.528978 7.276183 6.572155 -1.820493 4.487243 -1.507348 2.171265 6.050221 5.079761 2.400428 10.539733 2.681862 8.621238 -2.113492 -6.165925 -4.346093 -9.974567 -1.321982 2.877309 -3.498780 3.960440 3.274673 5.380975 
-6.297221 9.382244 2.257515 -2.192888 -7.081491 10.424292 -11.303954 6.370930 6.586577 -2.048026 -4.969738 -4.168197 7.448255 -2.743051 5.260510 4.620127 0.774455 9.471451 5.041017 5.154948 -11.833806 9.344346 -0.096867 4.172620 4.021122 -4.241499 -2.112818 1.198006 0.376540 -2.721894 -6.498835 3.087587 11.914489 -1.481249 -2.840508 6.429101 -6.909482 1.152271 3.562458 
-0.887956 -9.862896 1.912022 5.047520 -7.804268 5.216452 -1.400578 5.197378 -2.341432 0.524525 -1.843677 -1.506926 -1.290671 -3.408993 -13.654582 2.040901 -1.314437 -6.266786 -3.072970 -5.796670 -0.925070 13.175119 1.659390 4.067575 -3.711386 -7.914501 -2.771651 -11.830472 6.959610 -0.598865 -9.649706 1.754208 -1.234494 -1.370752 -2.271354 -6.008704 0.065738 -1.536634 4.348679 
1.913153 -1.335305 6.663813 8.115287 -7.111402 -2.731573 3.657826 -9.054741 0.663816 -3.354994 -2.184006 -2.004763 -2.170213 1.900105 6.137789 -2.437644 0.064431 -8.624622 -2.795101 -1.010921 2.194782 -2.850492 -2.463949 6.758106 -0.340954 -2.585934 -1.651549 6.144483 -5.402279 -5.639571 -2.687523 5.856303 -6.386457 5.746189 10.288949 -2.627859 4.458780 -2.928522 -2.766077 
-3.327179 3.239375 1.126670 -8.019985 -0.660796 -8.036020 6.228646 -4.289751 -2.680616 10.003382 -0.431038 2.713187 9.009578 -1.995381 -6.367627 1.960820 6.058251 5.553979 3.069974 2.384214 2.575499 2.288779 1.853420 3.729933 5.798181 -2.366068 -7.705214 1.736721 -3.513303 -4.867101 5.652480 -5.508496 -4.290967 -1.798447 -1.511060 -1.199260 -14.826682 -8.536249 -3.383205 
8.327786 -4.169746 4.805195 0.134540 -6.869257 -7.024816 -8.581514 0.675060 0.617350 -6.791023 5.570866 4.461381 -1.930008 2.605729 3.348560 -2.596823 -6.356608 -7.572701 -7.112436 -1.558823 -3.526502 -0.013790 10.678114 -1.649168 -1.209424 0.440341 2.569998 -8.499584 -8.143563 -7.287193 0.066265 -0.213838 -0.940474 -2.211723 -4.913744 7.997613 -3.635459 4.195682 8.370825 
4.089944 -6.715948 2.988431 1.791999 -1.013750 -8.957294 -5.269009 7.261458 4.623809 -1.252905 6.988622 0.309118 -6.239111 6.695325 -1.864401 12.325237 8.100240 9.114684 -2.499063 -10.227079 -3.253934 -1.163319 7.221143 5.499561 6.741910 1.415071 -2.256421 0.725690 -9.955182 -4.465371 5.453954 9.543221 -4.382859 1.493671 -0.117100 1.921638 4.243636 3.064724 1.817026 
8.665014 -3.667665 -9.508654 -7.736145 -7.365625 -11.476038 6.592353 -3.686738 0.425190 9.191447 -2.325940 1.788856 4.770126 -0.742098 1.254028 2.260208 -1.580080 6.147663 -4.889997 -4.870721 -6.516185 2.977663 3.351513 -3.197364 0.401019 0.134440 -0.626796 6.587836 3.922482 -6.245514 -7.162766 -7.955064 -14.720712 -0.467431 2.436516 -0.002802 -1.538985 10.659711 2.951980 
1.241985 4.446648 -4.205091 -5.287655 5.946351 -3.197834 -5.651724 2.348369 11.073203 1.918189 -3.902616 3.075307 -5.089196 -9.120996 9.150128 -1.950241 4.828337 -1.613215 -5.000957 -2.355252 -1.686681 -5.381280 3.991490 3.713029 -4.385877 -6.152479 -2.251699 0.461165 3.967613 -4.181495 3.148957 -0.128063 9.436710 5.027448 1.084714 5.942023 2.582027 -1.267416 10.817095 
4.676259 3.064766 -2.036776 9.854667 -5.937162 1.698782 -4.569037 -2.967691 -6.478990 -5.905563 -1.756012 5.898033 -3.435972 12.213552 -1.672586 -2.403784 9.840134 1.261592 -5.009984 -0.233154 3.159808 -0.829781 10.441721 1.494091 8.055924 -0.038862 2.610878 -0.088891 3.572227 1.124448 3.153298 1.727278 -4.927097 -10.733681 -12.489508 2.467447 -1.660215 4.214179 5.703786 
5.695254 8.674013 1.100472 -0.668706 0.257235 4.652943 -5.627081 -3.029480 3.911807 -0.112837 0.600746 -9.920029 -1.181755 -7.198838 3.422444 7.616318 -3.375240 -6.998854 7.451701 10.545472 -2.223368 -6.827839 1.018326 -5.380284 0.404481 1.558854 1.662997 -1.212746 10.443680 -4.859312 -10.501021 1.904394 6.395265 -9.474845 -4.486261 0.989343 0.534433 -2.700651 9.289172 
1.133378 3.043103 4.212513 -4.971998 5.078654 -5.130002 -3.175803 6.702478 -2.255860 2.816025 -1.787479 -1.605351 9.299458 11.843674 -2.226891 -14.320221 3.480818 0.713141 5.255154 1.475595 1.688383 -3.772145 -9.320672 7.225032 -2.498521 9.083072 8.263082 -6.569447 -3.149441 -2.311428 0.186573 -6.432273 -1.185282 -0.263992 -8.742456 1.284167 -3.320795 0.415504 -2.652849 
-6.930483 3.509817 10.029564 -0.306015 12.020481 1.237139 8.278080 -2.543691 5.571340 7.064590 10.637844 1.236194 3.829008 0.411205 3.044334 -2.100720 -1.110206 9.293391 0.452376 -0.493346 -3.493236 6.650938 0.580987 -1.738263 1.939752 0.687287 0.301110 12.489171 -2.165415 0.051024 8.444395 -9.875685 -0.314177 10.430952 5.143239 6.366964 2.065218 0.002461 -1.048647 
4.997534 -0.999421 6.620313 -9.862056 -2.383899 7.506566 -4.351495 -3.833407 2.068286 -2.278776 -2.006267 -16.180065 -9.411140 -4.434365 1.946554 -3.219955 -3.500306 4.904423 10.195804 -3.950971 3.129864 2.843801 -7.727843 -1.295960 -2.057700 -3.598573 1.766381 3.330289 5.562901 3.014970 -7.022322 7.908383 5.653107 -2.671778 -7.421565 -0.696512 3.317023 -8.048237 -2.870255 
11.554706 -1.749426 2.285651 -2.689910 -6.487362 -2.750921 1.276225 6.653721 -0.374208 0.836378 -6.551896 -9.516809 8.059856 8.833015 -3.845707 -3.810590 -3.724841 -10.201687 -9.793736 -0.304963 5.479298 -2.447036 -5.429978 -5.130895 -4.193678 -4.077161 15.409181 -2.951979 -8.533650 7.286368 -6.739059 7.479560 4.365696 3.090420 1.079707 1.466085 -0.986715 6.667801 -3.961038 
1.709738 -11.609536 5.214936 3.907240 6.126017 -3.219074 -7.421851 0.907821 7.415102 2.856443 -1.095221 3.749012 -3.105215 -12.110259 -2.817440 -8.568413 -1.343326 -2.224542 5.601678 8.531002 4.051546 -7.502215 10.297542 -0.555630 -6.305770 -11.574168 6.917430 1.820970 2.676581 2.293960 4.985919 1.440212 -0.996678 3.021456 -3.601418 -1.137526 10.881685 6.773658 -5.434917 
0.951835 1.373408 -6.370274 9.290573 6.935133 5.258702 15.775095 -4.518286 5.441864 -2.541547 5.184974 1.538534 -8.902247 -5.808058 8.526793 15.624134 6.867520 -1.010616 5.558728 13.306706 8.741817 3.951737 0.124266 0.994787 -5.386242 -4.036005 -2.601579 -4.052722 7.701336 -7.984281 12.189918 1.822314 3.317043 -1.162897 0.727104 -2.706987 1.563964 -7.524434 -2.027777 
2.012094 -2.124084 -4.283404 -1.860737 0.213123 -7.890288 -2.948109 3.682529 1.375692 -5.365948 2.361290 -3.765347 5.017462 -7.301664 7.806420 4.877337 2.344383 -5.653721 -5.129000 -2.225345 -4.424202 -10.154648 0.740675 -0.478045 9.305092 -0.569380 0.558888 -12.158011 6.361922 4.493291 -1.238731 4.396345 -4.204011 1.541201 4.424173 -0.702148 -3.127593 2.415407 9.494915 
8.636119 -2.153797 -7.864769 -2.685164 1.942179 -1.051429 0.411841 2.703032 5.168389 5.322033 -0.812960 -7.101229 2.235665 -2.808809 2.389957 1.163444 4.090455 2.949417 4.420930 -4.590977 -0.564111 2.211995 9.929363 1.810769 -0.735696 6.595713 -8.198011 -5.046885 -7.267697 -1.102393 -10.102880 -6.786953 8.853173 -0.668980 4.975571 -2.996354 7.127365 7.682321 6.480803 
2.572885 -5.398479 -18.991230 2.629662 -13.394729 -4.035497 -5.774458 1.743147 1.749966 -2.666961 1.597175 -8.824033 -4.008528 -2.168337 -3.101800 2.860219 -0.925324 3.655412 8.560761 -2.558043 -15.598366 -1.647287 -3.675625 1.930283 3.851999 -4.480273 10.498299 -4.475318 -3.577796 3.193753 -2.726999 15.475472 -10.925954 -9.447442 2.174884 1.343829 -11.543063 -10.236397 4.953095 
1.545899 -1.352862 -3.106819 1.424202 -0.336820 -0.937234 4.635348 -2.680214 1.637598 3.404959 -4.137932 3.153821 1.827866 -3.168718 -3.636037 -0.950478 7.020801 3.580676 3.050424 0.488584 2.657290 -0.236414 1.108193 -0.346777 6.218506 1.703256 6.637891 9.518531 -11.426213 -5.625264 4.871902 6.812866 -2.215621 -4.218828 2.642350 4.112885 -1.637000 6.409444 -1.160099 
0.567949 2.687864 -4.914289 -1.215609 7.939385 4.260597 0.148733 -4.690647 -3.007431 7.957983 3.490726 -1.332533 3.437109 -5.161298 -7.116431 2.265260 3.020759 -0.235163 4.801422 -6.736892 8.405334 -3.057194 -12.164428 -6.788007 1.017568 0.143191 -7.508626 0.506706 -8.311541 4.740930 1.358434 -5.864091 -6.266996 4.096857 1.235663 -15.256274 11.630407 1.422264 -1.251734 
-0.101363 -4.103970 6.373518 1.163906 -8.675560 -0.519983 6.834719 3.204294 4.428255 6.814013 -0.341653 2.429708 6.491886 0.265185 -0.921505 3.527711 -6.258027 -16.873672 -4.861958 4.754947 -5.735892 -1.932946 -5.833901 -2.305143 3.218754 -7.229648 3.752636 8.406770 -5.132754 2.613018 10.704235 2.807363 -4.888066 2.533647 6.664496 -8.459858 3.872972 4.443054 2.920571 
0.349347 -0.189738 2.356379 -2.001349 -1.825129 7.000751 0.780093 1.355164 -1.832041 -2.216724 4.654755 1.804905 -2.618599 9.106804 8.421230 14.964414 0.249361 -11.470642 -5.795085 -2.489111 -7.618497 2.174050 21.069914 -3.276221 -0.009310 0.632861 15.583501 6.751534 -0.067357 -3.076471 -8.680415 -6.565921 10.680304 1.132254 -5.991214 -6.437184 -1.725036 -11.628711 7.751363 
-0.293129 3.470172 2.048305 1.828075 10.628479 5.941031 0.237846 -1.371284 -0.134134 4.184220 1.188271 -1.271090 13.541265 -2.371526 1.064247 1.401845 1.472060 7.747642 1.921512 0.925150 -0.715593 -0.751531 4.838027 5.009439 -8.600012 -8.448241 -9.296708 1.945856 -1.301989 -3.657539 -6.244975 -4.810875 3.299700 12.142312 0.810870 10.248414 -18.345760 0.468153 -0.322008 
4.765517 -11.645999 -0.176786 -5.289315 -4.743658 -2.889142 -5.440204 6.521120 4.057819 2.226233 -4.312014 -10.973868 3.063124 2.906904 4.651088 0.402732 2.307094 -8.598451 -4.804010 -1.342132 -5.714791 -3.572361 4.505112 8.114295 1.862312 -3.766772 0.586544 7.061793 -7.382238 -7.298289 6.408599 6.112218 -0.725549 2.706298 -8.080031 14.013935 11.565418 -3.838949 2.958544 
-0.889715 -5.175582 11.755824 0.375721 -3.637371 4.793414 -2.932613 1.128544 -3.313609 -4.353693 -8.022180 -3.431256 -2.785376 6.135129 -0.311058 11.028869 -5.270508 3.383429 -10.557789 1.601140 -2.394381 6.011817 -6.458455 6.775273 10.011603 0.215301 -2.987982 -14.132693 1.442742 6.230667 8.638304 5.567985 6.263821 -5.571241 3.619094 -3.640140 -5.205050 -2.201858 -0.736534 
4.020039 -3.453158 2.925521 0.717193 -4.318522 8.430729 3.610474 -2.175392 3.285844 -0.198765 4.369130 -4.206931 -11.111191 -0.866544 -4.328557 8.105870 7.046451 2.519921 -5.559547 2.346880 -2.490779 -5.207751 -4.741351 0.495726 5.864625 7.329475 -5.257816 2.172571 4.287623 -0.277472 1.832271 -2.795909 -2.833379 -2.466224 -9.320860 -1.660149 2.433946 -7.940294 3.033736 
-6.023319 -1.015900 0.520524 -4.210019 -8.475304 1.179775 0.769467 -0.215140 -4.074202 -1.633345 7.105125 12.496675 1.259306 -5.266572 3.161225 12.363400 9.879179 7.213132 2.177975 -0.667940 7.149568 0.981915 -7.214755 -10.055646 4.961716 -1.733870 -5.632524 -6.677069 -0.536103 5.295211 -4.548202 13.640720 -2.259946 0.062111 -0.264209 5.373754 -1.080572 -0.872684 -3.460456 
6.728414 -2.614744 -0.223548 -0.567216 1.733305 5.270571 -1.619954 0.028052 3.732949 -5.867185 0.276963 1.787614 -1.586098 1.724036 3.122738 -5.511978 7.776599 -2.726585 5.941879 0.775020 1.659570 -1.509850 6.095499 0.652567 -7.472192 3.371437 -2.661390 -1.436730 -1.073176 6.664863 6.806743 -1.167379 10.265762 -1.068236 -6.897983 -7.676095 13.684025 1.197593 4.191872 
12.613410 0.732457 -0.989566 -0.491319 3.404466 6.979419 -1.381710 -2.159519 4.189788 1.464028 -5.396568 -2.290082 10.253304 3.061991 -0.412273 -0.723030 -1.377609 8.394071 -1.018469 -4.538662 6.294562 2.884451 -0.295847 -2.954247 -4.777317 6.533177 -8.129600 4.478506 -2.537065 13.757717 -2.406265 -5.634365 -3.485619 13.676706 4.878182 8.955567 -8.928936 -5.587974 -0.903788 
7.055585 -1.803429 -14.576725 -3.189716 1.863242 3.145398 3.591219 10.844710 2.879881 0.823248 -3.494273 0.489576 0.403013 -3.937230 13.902757 0.021410 4.902631 -2.779608 4.622916 3.973888 -4.907163 1.286504 3.017577 -2.446364 0.791754 3.353140 -1.706801 5.805082 6.085699 -2.108209 -7.091501 -1.202774 -1.669898 3.259969 -2.304425 -1.405335 5.544346 -5.606628 6.861048 
11.639386 1.777877 5.909226 -2.514886 -3.014464 -0.859462 -1.309984 -6.358256 -6.994822 -5.373735 3.509687 11.159583 0.618936 -1.968205 4.355343 8.210405 -0.012862 -12.581960 4.471271 9.004263 -3.738426 2.626331 1.864337 -1.462692 8.187924 1.500165 -5.433348 1.367810 4.146453 3.103829 -1.979602 -5.705970 7.162238 -5.475364 -7.366020 2.553095 3.069282 15.178497 -2.804029 
7.250356 -4.254706 1.827077 -15.730876 -0.855967 3.052270 0.196417 -11.499117 1.163634 -7.990290 -9.499466 1.587819 -0.132888 0.571102 -3.669080 0.997321 -3.171320 -0.524652 -5.163598 -8.605118 -0.063396 -4.949847 0.875248 2.160929 -2.268947 5.606498 4.631635 -8.416378 3.776598 6.774014 2.538664 9.773108 4.230247 -9.302334 0.216353 4.042005 8.000210 -5.944877 -4.052335 
-5.800744 -4.056980 3.311551 4.628387 2.394881 3.484218 -1.870463 -4.193870 -1.805088 -10.179361 5.767403 4.693629 0.465479 7.151541 -3.781028 2.363271 0.358479 -0.627926 -3.284384 1.402249 3.989644 -1.258219 -2.654634 2.358567 6.463998 -1.806236 4.899066 4.946728 9.633553 -4.445719 -7.150956 10.049853 2.982756 -1.692382 -1.806778 1.228377 2.551028 -8.392945 3.137930 
-1.153885 -4.007551 -10.979948 -4.879700 -0.724694 2.996924 -2.547389 3.208141 -1.760958 -6.634868 -7.670734 -3.825325 2.460362 1.103717 2.171971 -2.711220 -1.551528 5.341949 -0.385021 0.346314 4.558096 0.440639 -0.168644 -13.057920 1.621110 -4.105629 7.449417 6.108613 2.629172 -2.790421 1.996950 3.344898 -7.384691 -13.240752 -1.411180 1.288115 -0.932861 -5.131828 3.160877 
0.627313 -5.351992 2.644760 3.545932 -4.921771 -0.054873 10.847450 -2.417075 -4.392895 7.631970 -4.622428 10.424463 -0.019134 -1.339249 1.572561 -2.101782 -2.919514 -2.400112 -1.884424 -12.888513 -5.325833 -4.498246 -2.697224 -6.701868 -8.236736 0.687493 3.318742 -7.230588 -4.565792 -1.754904 3.208547 1.729513 -7.539382 2.785962 -6.913478 -5.007898 0.383113 1.099994 1.187578 
3.373415 2.301060 3.399048 2.394735 0.420043 1.353624 4.154196 7.131516 -6.612600 -2.860078 7.402858 -3.774765 5.695126 0.354182 -2.530805 -6.809978 -6.675401 3.883500 -4.606438 1.616009 -0.754495 2.576677 -7.599622 -0.984019 -2.770133 -1.325002 -4.981689 -2.563015 3.057807 -7.496252 5.365005 17.014017 7.511422 8.508914 -1.200932 5.420771 -3.932899 -10.180482 0.740208 
2.480740 -10.325478 -6.990647 -2.963317 9.861382 0.296399 5.090603 2.340517 1.995981 4.784883 -8.976599 3.235032 6.280031 -3.596222 -3.186252 -1.561311 -4.323400 5.578062 4.349080 -3.543630 2.902970 -3.836390 -2.680957 -7.812349 7.577517 4.838147 -0.461392 -15.524882 1.565183 -2.572265 6.094757 6.100072 0.818408 -2.714078 -2.693148 5.699439 2.109931 -6.405491 7.214908 
1.095875 -2.067036 6.661970 -2.242571 6.832682 -3.738064 -7.148435 4.644106 -2.342405 -8.085996 4.017934 3.384795 -7.973375 1.397932 0.571763 3.896961 1.448072 3.575917 3.119385 -3.805497 9.829326 6.379819 1.317651 -0.022274 6.263124 1.362383 -0.266019 3.619135 9.107721 1.161138 4.115496 -11.737556 -7.771448 -5.738535 2.341224 -3.124527 -3.869055 2.096872 6.353901 
4.151306 -3.516531 -2.011061 -8.365704 6.495137 5.583534 6.427938 -0.631962 -12.564579 2.243434 -0.110590 -2.597132 0.784209 -3.205467 7.032678 5.961009 -8.588821 -8.051283 -1.471455 -11.420040 -2.970212 3.491805 -5.891724 6.728527 1.885144 -4.106475 -5.696952 9.510389 -5.238326 1.143657 -7.456967 8.882588 -1.333537 -0.736550 0.225569 2.290766 4.121722 -2.987287 1.299949 
5.564117 -5.446608 6.710244 11.911675 2.890615 7.597277 2.651285 5.611948 3.289260 9.477690 2.628156 -4.754392 -6.793522 -3.532047 3.451729 -4.143467 0.633235 8.288619 7.397112 -3.893394 2.308253 -2.451191 1.057410 3.027409 3.454184 -2.613768 -2.261653 8.027323 10.263197 3.720322 3.239652 2.509636 -3.083719 -4.744415 -5.035522 -6.977293 -5.038748 -7.549711 -3.013275 
5.204423 -1.559930 9.185688 8.177068 0.549039 2.802465 -3.160714 6.371754 10.152891 -2.086937 5.047523 -0.633070 -11.342424 4.155401 -4.325791 12.708042 4.725691 -3.513633 4.195795 0.236796 5.504178 -5.948399 -0.407703 9.510643 1.747736 -1.998092 2.622205 -2.618792 10.187806 4.554128 -8.877787 2.178241 -9.375492 2.783257 -6.790305 -7.402651 3.066176 -6.439604 -5.508024 
-2.904512 -10.387949 4.893478 3.069884 -8.903385 -4.582768 -5.095445 1.120168 0.841983 -0.824074 -1.010130 1.801154 -1.403016 4.344081 -3.914073 6.505077 6.576075 -0.137192 -3.891263 6.864858 2.124635 10.972915 7.230914 1.933904 -2.106437 8.501104 -3.369469 -3.426536 7.434464 6.892883 -9.162747 5.496368 -0.367060 -3.658390 6.024399 7.309278 6.431371 4.735316 7.113801 
-0.610619 -1.224291 4.315786 7.234183 5.963346 6.588550 -2.013639 1.714582 -2.639559 -1.957310 3.324232 -3.395754 10.569464 6.835655 3.442883 -4.078698 -1.006958 4.893366 -0.612281 -0.050318 12.433025 5.038129 -1.718346 2.498612 8.362063 3.802306 1.079277 3.581236 -5.660051 -3.405103 1.739863 -6.446751 5.503863 0.634975 1.062404 -7.170399 2.669768 -1.763776 -5.550542 
-5.029933 3.347317 -4.060521 -9.016283 5.125156 2.033027 4.975553 13.599230 -1.971997 9.951709 3.182246 -7.197428 -0.653342 5.652498 -0.993743 -4.019857 4.165160 -7.540289 -4.573435 -4.232855 9.048468 -5.600092 0.273945 9.379045 2.555153 -4.601718 -4.427497 5.524573 3.838087 -1.491667 6.808257 7.008228 1.894404 3.341375 -12.642934 -4.843657 5.289132 -0.505950 16.272045 
7.117052 -0.730335 0.300830 -5.259324 -6.770472 -5.015078 -4.109534 -4.844484 -2.215742 -3.008682 5.466124 -0.821609 -2.164094 3.387264 -8.646510 -0.790709 0.222940 5.547287 -13.092735 7.005535 -0.806535 1.287196 -6.175636 -2.850133 9.802340 -6.206365 10.337379 5.750628 -2.881205 3.049055 3.622126 2.796900 7.720824 -1.930302 7.562497 -7.585306 -11.172285 7.852763 -4.715704 
-5.083833 8.907316 3.680198 5.750482 -8.981853 3.228893 -3.006871 2.381479 13.049233 7.586169 4.690360 -7.699734 -6.631780 -7.692754 -2.349163 2.855336 -11.380151 -4.109152 -5.058255 -4.717256 -4.236265 -5.267908 -2.759146 -6.672162 -0.224083 8.287033 5.060183 5.239828 3.829883 -8.683449 7.181352 -1.051921 7.860449 -3.501474 6.864503 -2.720847 4.346620 4.807943 -11.344749 
-2.861421 6.698446 -3.942469 -3.695086 -4.659142 -2.320874 -1.981249 -3.523343 -3.794635 5.874663 -4.120983 -8.218570 -11.210237 1.063894 4.236314 -13.966622 -2.596509 -2.837606 -3.739325 -6.296564 5.410928 6.642843 -2.620311 -7.848193 -9.958546 -4.190582 4.383450 -1.804964 -0.358389 1.536606 -3.625578 0.319083 2.539052 -7.279565 2.086689 -1.751121 -2.204320 10.872797 4.679775 
4.279965 1.041654 -1.437767 -9.548662 7.592643 -1.267451 -9.281417 -4.191771 10.276797 -4.097086 -2.608455 -2.721022 -0.421632 -6.255139 -9.622480 -11.150088 0.498962 0.287758 0.818016 -2.467513 -6.304364 5.312914 9.868870 -2.695215 -0.506439 7.725985 4.144425 -4.927228 0.931876 -2.132896 -3.508377 -3.532684 -9.088777 4.243934 4.197696 5.360805 -8.900275 -2.216675 2.940549 
-7.105105 -3.132183 -3.026616 1.079701 -5.021317 -4.911833 -8.152072 1.988831 -0.606710 -7.316746 7.414412 -3.210390 -17.788731 -7.522646 -7.853803 -9.540895 2.165575 -1.026176 -0.850177 -3.345314 2.997936 -13.350472 0.043355 -7.002143 -2.489381 -2.390400 1.973633 -6.673546 4.899705 -5.680675 4.609750 6.220750 4.884521 -8.063601 -2.306197 -1.092646 0.719938 -10.303936 1.091702 
-5.143642 3.102958 -2.059754 4.078170 -4.286273 -5.809569 2.027553 -1.117513 1.283465 -8.448339 -3.398819 -3.236914 -9.631515 4.627543 0.051838 5.705311 -11.906892 -7.701700 -11.095134 3.598568 -14.485383 0.571653 3.953125 7.643390 5.913683 4.083174 -3.348956 8.205857 -1.594153 8.381996 8.856189 -5.582797 1.467562 3.181290 -1.020539 9.602413 -15.301077 -4.059576 -3.253388 
-5.145428 -4.719926 0.942567 -2.678380 -10.206811 3.371490 -2.749901 -2.002205 -4.570696 0.855290 6.510291 4.600485 -4.719465 -0.340497 -0.480082 -4.271632 -0.081347 7.677028 -0.419253 0.196587 6.754821 -14.868446 4.609389 0.244683 0.337985 -11.934998 1.762884 -2.194213 -3.198215 -14.765423 4.405268 1.536553 6.896066 -1.343759 8.431577 -10.050398 6.572571 4.785856 3.230530 
9.147556 2.120974 0.675635 -2.014570 -6.324437 5.856132 -7.735354 -5.765033 -9.513673 -12.011275 4.285396 1.030769 2.021338 -4.855509 -8.620882 -1.592156 0.494140 -2.719177 -11.760338 0.654147 -6.661649 -7.939892 -3.516710 -4.088186 7.162401 4.509668 13.103470 -6.669160 2.858554 -0.894007 2.694009 5.039948 -0.762117 -8.288186 -5.280237 -0.805898 -12.151124 8.107423 0.820329 
-4.965881 -7.693301 3.327520 -10.260253 -4.075068 -0.713149 5.887666 -8.504386 -5.762033 4.527944 -4.981743 -1.627072 -5.295271 4.713063 -8.845678 -7.348043 -11.290421 -4.122007 -0.600985 -0.121019 -4.754653 -3.273380 -1.821476 -3.667418 -5.259368 -0.767733 8.873196 -2.472533 0.363456 0.244067 0.023170 15.025019 9.891932 -9.040908 0.317220 13.624009 -1.645131 -0.424619 3.529416 
7.830562 3.488956 3.713233 12.935761 -9.448165 1.393627 -3.003150 6.500457 -0.959774 -3.909478 -2.791434 2.912714 4.374180 4.760796 9.639360 7.200205 5.498977 0.480738 -1.017379 -6.106233 12.576108 -8.577070 2.272921 -5.060292 1.448255 -3.586861 3.343036 6.640326 -1.870378 8.471497 -1.948167 9.799764 2.264319 0.999679 7.833084 -1.922219 -9.634284 -13.716606 3.118991 
4.028212 3.027226 0.340685 4.995789 10.802263 -7.788302 -2.490577 1.719634 -4.076343 -1.918116 1.117314 -2.038648 4.656199 -1.681400 4.812292 2.334342 -6.889684 -0.067557 -1.525666 -1.033937 -4.371079 3.153282 7.691566 -2.094427 -0.896924 -7.234144 -0.966110 12.356856 -0.569985 -1.251994 -8.199370 -14.715580 -1.900406 -0.355766 -8.061457 -1.730322 6.516383 17.832897 6.503448 
4.214005 4.466821 -0.779176 3.316713 -7.388355 2.389868 8.803730 3.432852 -7.206813 0.945126 4.847692 -10.444400 0.591332 11.290459 1.930503 -7.004810 -1.273160 0.294218 -4.946365 -10.756452 -2.054977 -0.176412 -9.850034 -4.326737 -1.732526 0.916214 3.424979 1.724017 8.737697 7.010471 -7.114881 2.412958 8.590411 7.346673 -2.395602 0.470196 -1.857452 9.045505 -2.774016 
-2.637514 0.843045 3.850756 4.166137 -5.054075 7.855622 1.670666 -0.551952 -0.912817 0.827130 7.550899 -1.362836 2.299519 7.545949 -2.998152 7.953457 -0.957708 14.604965 1.784136 6.624948 4.273667 10.232545 -14.797092 11.405243 1.044236 1.305707 -3.639767 -12.140453 2.732415 -8.333892 -2.961850 2.725030 5.501056 0.921374 -2.155784 4.068398 -9.590221 -0.366552 -1.783023 
1.890883 4.147265 -5.877377 -7.563146 6.793258 -1.546480 7.393652 2.522694 -10.753824 -2.840332 -0.157372 12.211123 -6.152532 -2.191833 2.286876 9.033092 3.930884 10.000377 1.859421 4.938292 -3.560540 6.180995 -3.213659 1.523372 -5.534336 2.718082 -7.185730 2.631905 4.754357 -8.801623 7.420268 5.821273 -5.781554 7.173992 -1.128725 -5.072312 -3.254743 -7.737771 0.834710 
2.026148 5.303608 4.519944 -2.031494 -4.452771 -3.801385 5.295683 2.564158 -1.810525 -3.698760 1.029996 2.779020 4.738220 0.503352 -2.206806 -7.854791 -7.620755 2.204818 -7.965667 1.566343 -4.670033 -10.730749 3.234849 -0.916607 7.991271 1.068580 -5.866715 -3.131739 -6.675278 4.070333 -5.786510 12.469381 -9.066267 3.016543 4.089196 -0.308638 1.751612 -12.161664 -5.453125 
2.349183 -18.270077 -1.907095 -3.360849 -2.223911 6.051226 3.254483 2.030189 1.786794 8.154752 -0.515212 6.337899 1.975715 -4.756761 3.073091 -8.803120 3.549289 5.834803 -1.283806 -0.262058 2.933210 -3.169410 -0.544706 -6.122793 -3.425471 -0.433052 1.779657 6.702558 -5.597963 0.269580 -0.180887 7.267598 5.130995 -3.746134 -9.287047 14.913663 -6.337277 6.815650 3.731200 
1.684535 -0.746253 -2.380317 -14.034038 -2.399910 0.727233 -1.090705 -0.466700 4.078262 -8.464481 -2.792938 0.475084 -1.856120 6.782583 3.395101 4.213932 0.866958 -9.527074 -8.037083 -5.963350 2.436435 6.225692 0.551786 5.988416 0.991348 5.245803 -2.878263 -9.420264 7.340142 -2.029073 -11.201005 1.833365 7.321160 6.190623 -1.818963 -2.301654 -0.027100 -2.518173 0.955407 
2.216486 -2.823178 3.774930 1.750570 4.932170 -1.059161 3.711765 0.691539 7.621960 -1.879227 5.559393 -1.709505 -5.495188 2.788006 4.011281 -2.560792 4.315944 7.862308 6.300427 8.645164 1.451642 -3.024571 -2.257823 -4.977551 6.415203 4.093402 -2.249097 -4.388473 -2.750967 -8.011986 5.843727 2.787443 -7.511033 -0.127808 8.988846 8.384188 0.531535 7.593020 1.440287 
8.791918 0.693828 -3.399844 7.517547 5.666788 -4.497675 -5.211794 10.801919 -2.745303 -12.642375 -11.436536 -2.309226 -1.513564 4.743989 3.363976 -2.225545 8.288847 4.871273 5.320632 13.034098 2.045811 -12.873996 18.757050 -8.016017 -0.612259 3.578584 13.935471 -1.227753 -12.542900 -9.090172 -9.404588 -4.655593 1.083388 -1.917555 8.755154 2.646538 6.398256 7.383092 5.499568 
-1.324106 2.493835 4.504178 -3.168433 5.630425 -1.167958 1.929527 -2.677665 4.871969 -2.633899 6.552079 1.825091 -5.474525 -1.371743 -5.573331 12.356781 3.717278 5.995465 3.561085 5.123303 4.157286 3.302099 -1.188562 -0.176422 -4.784587 -3.936261 2.379152 -2.002393 -4.364296 -1.142349 1.024512 -9.873235 -5.606831 3.137543 -0.096439 12.579601 4.130418 3.392207 -1.477640 
